30112222021021202220102200020001102211002002222020010112222
00200222212213200001021221202102202103200210222210221200222
20121110022221022220021022122221102320212110210221320202220
30120210120102230121202200002202002221212211032020112002211
00111013203201112100003012011200222013201120203200002102012
00000210020320000320301201210220210020210221210201121210022
22111021010222100121202202122121022110232021220030120100021
01221202102203012021102101100221012203200210200000223023202
20220320021212122230221022102221121221102320212020000122102
21022030120221230121221022032012230102102222002212002223011
02102120000012203012020202202100120221120202202100121103202
21210120210220020022220110022230211210012122201001110022221
10232021230111232020222030120221202202122121012002222121021
22103012102202103011213200210222120221021222222010223000012
20020320000120001230221022102221121301201022021022112022112
32011020121021221021202211002210111020022030120212002122021
02301203200200223012203202210221022212020223012012102200223
01121221022301201210201022101110022220200102101201022300001
22110232021230120011232022002000012212032030120112230132030
02021200200220002022210222121102100201222011213012021221102
10020022220110122201121100220202021200022110000320302122220
10120102222020010130232002000002222102222010212220112102020
02011211013201123010202102011212012102122001103200210223000
01301201000320320020000022301022010110320201022221320102221
21002211021002000002211210121022021030112111212211202232002
10222201221112102012102123000013012010000221012010220221103
20221120210200301020320220301000320210021122000022120210201
12122220102230122020010112222002230112121202202122121022110
23202120200001223002201221022102203012022120002102110002003
02320110110022230300210302110320212200301022212201121112001
02220102200012021022030120202220111032032012202002222032020
13202201203200210223012010220000221102002211201220212102023
01121300001301201000022122110320020000320221301212210211200
32011202222110232021211032020030102032022012000101012021020
11222011211123201010221102100200000221103203012202103011211
12122112022122200112101210220210301121020000022101121022110
2003010203202203021200010001102002011211201103203201203013202010001222122101121102021012010221103203013013010223000222
30020320000320221201320112212210212022110210122301101320211
22021012221112012222121012232022112021011032002002202021022
01202010220000011120200222010221120221100220202003012011222
20021022220022120200122020022220112122110200201001122211120
32000002121022002000002221222020220112220222220102230000122
02102203202012001012102021120013021211123201012012102020222
01320110202010022110020022300320102210220
